% Case saved by PowerWorld Simulator, version 19, build date July 14, 2016
function mpc = Fall116
mpc.version = '2';
mpc.baseMVA =  100.00;

%% bus data 
mpc.bus = [
      1 2      0.00     0.00      0.00     0.00    1 1.0282969   -23.49738  345.00   1   1.100   0.980    27.20     0.00 0  0
      2 1    101.14    28.89      0.00     0.00    1 1.0257750   -23.76219  345.00   1   1.060   0.920    27.19    -0.02 0  0
      3 2      0.00     0.00      0.00     0.00    1 1.0200000   -12.43574  138.00   1   1.100   0.980    26.35     0.00 0  0
      4 1     73.78    19.06      0.00     0.00    1 0.9806018   -25.03966  138.00   1   1.060   0.920    27.17    -0.01 0  0
      5 1     86.85    32.86      0.00     0.00    1 0.9856026   -22.41228  230.00   1   1.060   0.920    27.16    -0.00 0  0
      6 1     78.70    25.57      0.00     0.00    1 1.0115769   -11.27197  138.00   1   1.060   0.920    27.15     0.00 0  0
      7 2    133.37    53.51      0.00     0.00    1 1.0200000   -21.74623  138.00   1   1.100   0.980    27.16     0.00 0  0
      8 2    106.38    32.64      0.00     0.00    1 1.0200000   -19.83233  230.00   1   1.100   0.980    27.16     0.00 0  0
      9 1      0.00     0.00      0.00     0.00    1 1.0297939   -21.26741  345.00   1   1.060   0.920    27.16    -0.00 0  0
     10 3     80.42    22.57      0.00     0.00    1 1.0200000     0.00000  138.00   1   1.100   0.980    27.15     0.00 0  0
     11 1      0.00     0.00      0.00     0.00    1 1.0168433    -1.16001  138.00   1   1.060   0.920    27.15    -0.00 0  0
     12 1      2.40     0.76      0.00     0.00    1 1.0160854    -2.08337  138.00   1   1.060   0.920    27.15    -0.00 0  0
     13 1      0.00     0.00      0.00     0.00    1 1.0162274    -4.47436  345.00   1   1.060   0.920    27.15    -0.00 0  0
     14 1    103.76    32.50      0.00     0.00    1 1.0153250   -11.90406  230.00   1   1.060   0.920    27.15    -0.00 0  0
     15 1    124.80    30.22      0.00     0.00    1 1.0083753   -16.02010  230.00   1   1.060   0.920    27.14     0.00 0  0
     16 1    146.12    35.66      0.00     0.00    1 1.0055839   -19.24780  138.00   1   1.060   0.920    27.13    -0.00 0  0
     17 1     79.22    24.51      0.00     0.00    1 0.9834131   -21.91534  138.00   1   1.060   0.920    27.02     0.02 0  0
     18 1     90.24    23.90      0.00     0.00    1 0.9814575   -21.14136  138.00   1   1.060   0.920    26.66     0.12 0  0
     19 1     93.17    28.84      0.00     0.00    1 0.9921489   -19.66735  138.00   1   1.060   0.920    27.15    -0.00 0  0
     20 1     90.90    28.28      0.00     0.00    1 1.0016124   -16.90899   69.00   1   1.060   0.920    27.15    -0.00 0  0
     21 1    128.60    33.70      0.00     0.00    1 0.9836204   -22.59254  138.00   1   1.060   0.920    27.14    -0.00 0  0
     22 1    114.81    36.41      0.00     0.00    1 0.9942835    -8.29384  230.00   1   1.060   0.920    27.15    -0.00 0  0
     23 1     87.45    25.48      0.00     0.00    1 0.9972585   -10.59002  230.00   1   1.060   0.920    27.15    -0.00 0  0
     24 2    104.88    36.58      0.00     0.00    1 1.0200000   -13.68244  230.00   1   1.100   0.980    27.15     0.00 0  0
     25 1     69.89    16.85      0.00     0.00    1 1.0069781   -23.90852  230.00   1   1.060   0.920    27.17    -0.00 0  0
     26 2     85.95    23.64      0.00     0.00    1 1.0200000   -33.95984  345.00   1   1.100   0.980    27.16     0.00 0  0
     27 1     89.44    24.75      0.00     0.00    1 0.9905576   -32.11352  230.00   1   1.060   0.920    27.15     0.00 0  0
     28 2    130.99    37.20      0.00     0.00    1 1.0200000   -27.96100  138.00   1   1.100   0.980    27.15     0.00 0  0
     29 1     81.99    22.32      0.00     0.00    1 1.0155653   -25.78425  138.00   1   1.060   0.920    27.15     0.00 0  0
     30 2      0.00     0.00      0.00     0.00    1 1.0200000   -22.05284   14.00   1   1.100   0.980    27.19     0.00 0  0
     31 2      0.00     0.00      0.00     0.00    1 1.0200000    -6.65181   14.00   1   1.100   0.980    27.15     0.00 0  0
     32 2      0.00     0.00      0.00     0.00    1 1.0200000     2.47732   14.00   1   1.100   0.980    27.15     0.00 0  0
     33 2    120.54    31.86      0.00     0.00    1 1.0200000   -16.50738   14.00   1   1.100   0.980    27.15     0.00 0  0
     34 2     74.86    23.10      0.00     0.00    1 1.0200000   -13.60391   14.00   1   1.100   0.980    27.15     0.00 0  0
     35 2      0.00     0.00      0.00     0.00    1 1.0200000     2.05978   14.00   1   1.100   0.980    27.15     0.00 0  0
     36 2      0.00     0.00      0.00     0.00    1 1.0200000    -7.65432   14.00   1   1.100   0.980    27.15     0.00 0  0
     37 2      0.00     0.00      0.00     0.00    1 1.0200000   -22.14167   14.00   1   1.100   0.980    27.17     0.00 0  0
     38 2      0.00     0.00      0.00     0.00    1 1.0200000   -23.31677   14.00   1   1.100   0.980    27.15     0.00 0  0
     39 1     79.83    24.25      0.00     0.00    1 1.0182515   -31.11112  345.00   1   1.060   0.920    27.17    -0.01 0  0
     40 1     81.74    27.05      0.00     0.00    1 1.0099198   -35.21880  345.00   1   1.060   0.920    27.16    -0.00 0  0
     41 1    106.76    28.18      0.00     0.00    1 0.9943787   -31.43901  345.00   1   1.060   0.920    27.14     0.00 0  0
     42 1    118.30    33.69      0.00     0.00    1 1.0197488   -37.06787  345.00   1   1.060   0.920    27.16    -0.00 0  0
     43 1    105.39    31.87      0.00     0.00    1 1.0164185   -34.19307  345.00   1   1.060   0.920    27.16    -0.00 0  0
     44 1     75.13    21.52      0.00     0.00    1 1.0097273   -23.36166  230.00   1   1.060   0.920    27.16    -0.00 0  0
     45 1    107.53    29.35      0.00     0.00    1 1.0158406   -23.09447  345.00   1   1.060   0.920    27.17    -0.00 0  0
     46 1     96.55    29.27      0.00     0.00    1 0.9654179   -25.19051  138.00   1   1.060   0.920    27.16    -0.00 0  0
     47 1     87.12    26.36      0.00     0.00    1 0.9305410   -28.62061  138.00   1   1.060   0.920    27.16    -0.00 0  0
     48 1    104.22    33.89      0.00     0.00    1 0.9788767   -25.55682  345.00   1   1.060   0.920    27.17    -0.01 0  0
     49 2     68.74    23.86      0.00     0.00    1 1.0200000   -19.25952  138.00   1   1.100   0.980    27.16     0.00 0  0
     50 1    101.21    29.17      0.00     0.00    1 0.9885376   -24.25194  138.00   1   1.060   0.920    27.17    -0.00 0  0
     51 1     85.55    29.92      0.00     0.00    1 1.0010826   -28.27090  138.00   1   1.060   0.920    27.16    -0.00 0  0
     52 2    108.95    33.16      0.00     0.00    1 1.0200000   -22.85145  345.00   1   1.100   0.980    27.17     0.00 0  0
     53 1    157.78    40.55      0.00     0.00    1 0.9875212   -27.29670  138.00   1   1.060   0.920    27.16    -0.00 0  0
     54 2     74.31    30.04      0.00     0.00    1 1.0200000   -19.23529  230.00   1   1.100   0.980    27.16     0.00 0  0
     55 1    103.82    28.82      0.00     0.00    1 1.0080184   -22.63220  230.00   1   1.060   0.920    27.16    -0.00 0  0
     56 2    115.95    34.09      0.00     0.00    1 1.0200000   -11.79133  345.00   1   1.100   0.980    27.14     0.00 0  0
     57 1     64.33    21.01      0.00     0.00    1 0.9562876   -27.07322  138.00   1   1.060   0.920    27.16    -0.00 0  0
     58 1    131.28    45.31      0.00     0.00    1 1.0010310   -12.81870  345.00   1   1.060   0.920    27.15    -0.00 0  0
     59 1     83.07    30.83      0.00     0.00    1 1.0129755   -15.16778  345.00   1   1.060   0.920    27.14     0.00 0  0
     60 1     94.14    31.01      0.00     0.00    1 0.9559387   -24.99981  138.00   1   1.060   0.920    27.16    -0.00 0  0
     61 1    111.43    36.83      0.00     0.00    1 1.0126909   -17.82926  230.00   1   1.060   0.920    27.14     0.00 0  0
     62 1    103.81    32.50      0.00     0.00    1 0.9947979   -13.67370  345.00   1   1.060   0.920    27.15    -0.00 0  0
